630
431
186
58
651
148
154
437
451
399
572
247
704
616
884
353
220
376
228
223
287
846
799
460
939
349
419
184
849
239
103
406
217
496
528
301
619
959
467
113
565
161
485
616
672
863
325
327
695
988
70
269
419
303
991
147
569
467
402
762
114
648
321
850
990
870
599
794
439
861
358
593
115
27
71
278
19
76
576
610
989
144
550
241
495
216
790
695
311
863
482
318
620
608
640
654
652
309
727
484
846
661
264
489
694
622
799
638
772
33
419
710
529
767
855
583
717
49
891
670
230
209
200
268
33
450
772
774
99
695
899
50
38
560
34
536
135
236
330
782
379
420
269
873
351
129
195
930
470
144
855
429
324
165
368
599
253
147
294
273
251
810
537
274
180
992
641
82
352
965
353
121
381
957
983
21
413
710
573
948
4
142
99
90
277
227
429
80
893
823
149
245
643
508
898
350
659
304
4
484
489
279
569
909
391
646
346
800
635
493
846
769
161
146
647
145
74
611
97
264
632
403
447
99
693
483
748
241
628
15
719
210
934
606
643
475
981
825
558
260
611
622
136
71
832
812
580
596
917
431
170
761
756
474
884
808
966
440
733
531
779
308
951
977
389
610
555
353
854
163
388
361
261
785
621
319
959
693
365
673
997
771
443
972
608
547
801
451
185
515
707
686
43
282
422
135
200
607
675
924
922
231
37
757
377
2
529
576
804
481
535
829
194
244
370
42
853
600
134
480
606
87
562
451
97
244
220
748
536
444
216
824
666
508
946
772
333
670
37
499
512
11
300
798
414
708
206
518
294
606
408
43
430
134
967
861
753
505
767
949
86
522
904
141
149
914
570
235
670
791
170
656
130
143
657
578
268
792
81
613
341
620
274
43
634
927
493
581
979
57
957
819
238
687
467
3
421
749
241
693
150
355
405
598
343
326
684
44
828
772
351
336
873
815
693
814
516
616
289
140
732
528
99
933
75
971
561
270
639
473
587
491
300
512
461
920
131
694
569
504
649
629
792
260
179
258
256
796
22
299
558
628
583
440
15
969
185
535
151
122
397
485
351
381
541
291
412
178
568
230
743
727
976
595
150
186
22
93
93
650
250
456
200
93
33
839
891
644
858
304
510
111
392
787
915
934
53
346
39
690
339
458
732
624
621
335
473
414
36
780
150
626
356
615
994
111
848
505
871
193
80
478
224
405
274
805
947
758
493
119
63
757
512
900
72
676
627
99
691
521
365
915
366
577
262
873
841
886
691
812
453
99
213
897
863
141
606
13
408
49
555
233
785
615
26
90
132
891
882
833
764
322
44
219
683
988
184
17
727
631
917
444
68
769
265
858
63
390
870
610
979
517
723
239
504
474
637
22
259
630
455
573
642
111
670
360
638
413
266
719
925
149
695
8
574
960
642
914
369
242
278
110
10
642
328
27
983
327
912
927
308
794
870
91
211
300
658
250
950
546
612
26
214
60
184
871
619
86
684
526
564
326
127
3
691
719
395
654
253
700
422
840
11
71
106
517
60
234
846
838
737
943
258
383
189
569
20
173
91
27
850
361
468
420
245
800
484
218
520
692
984
195
889
397
685
936
937
288
587
757
512
947
748
212
84
611
493
986
170
311
87
295
639
250
455
134
529
911
603
493
895
313
233
20
196
676
663
98
311
334
89
439
215
990
897
925
145
81
442
361
897
930
630
439
54
510
372
692
632
525
449
774
673
391
249
173
202
757
751
812
160
322
186
159
102
65
828
339
672
236
613
763
279
627
834
672
611
403
776
390
79
537
896
757
448
221
106
499
860
603
277
908
219
202
310
604
866
795
124
500
388
932
424
174
424
756
803
342
707
982
26
454
94
595
249
836
254
605
124
719
291
608
651
741
903
689
535
948
337
818
10
653
197
359
748
445
928
548
567
708
223
916
108
303
179
290
407
46
671
968
23
376
809
66
801
713
421
459
364
344
979
33
160
750
274
280
206
549
569
650
198
587
919
87
265
15
687
752
814
508
253
415
329
240
222
203
367
859
509
370
121
426
977
795
126
902
302
31
189
233
520
648
682
236
498
740
738
305
835
323
595
792
727
853
361
485
195
523
375
454
800
182
996
814
443
192
769
275
475
925
700
313
336
786
68
966
98
891
366
656
733
372
659
475
239
680
494
514
417
745
472
153
400
662
634
100
432
264
829
177
461
526
314
298
701
530
261
65
268
299
716
839
821
391
529
431
229
223
34
934
724
171
296
531
55
613
270
666
779
584
344
423
777
407
864
306
920
561
622
911
566
432
237
444
798
245
700
195
648
161
55
826
713
911
535
943
148
674
153
606
161
492
422
784
371
140
325
707
144
508
451
17
206
422
24
453
528
776
467
156
339
384
806
261
92
785
605
245
493
614
744
279
817
46
251
22
278
442
623
678
503
793
72
52
925
690
92
325
112
777
503
285
6
649
956
313
682
9
845
692
948
776
115
982
252
698
487
775
442
813
270
465
342
884
744
552
750
869
552
76
721
825
208
913
252
140
623
232
337
985
232
846
685
80
790
696
604
647
293
965
449
92
279
786
70
277
196
326
644
23
975
842
728
599
696
814
988
823
404
578
505
894
920
940
457
978
548
690
850
813
930
669
376
214
979
991
449
851
916
501
242
23
698
537
417
608
906
908
503
620
796
934
713
684
936
42
580
699
669
77
164
621
562
611
858
39
829
624
641
182
406
837
512
78
348
979
901
769
4
554
606
409
175
216
691
288
726
579
471
570
515
502
926
68
510
960
646
21
29
75
860
938
339
971
87
39
912
461
143
953
518
373
578
666
250
659
469
692
762
159
735
317
548
317
860
350
786
3
449
772
305
449
112
260
983
546
553
232
187
315
255
833
814
411
540
558
561
771
164
986
655
901
152
840
512
145
655
968
141
22
477
511
610
191
860
794
96
256
214
3
987
969
603
542
846
110
616
845
757
512
811
715
238
223
577
241
632
666
952
233
678
728
369
766
997
69
365
30
740
746
727
601
406
536
226
90
575
896
265
120
502
363
179
13
710
556
841
90
183
608
38
303
339
358
892
810
515
557
235
242
796
501
207
848
715
970
691
413
192
599
980
184
386
299
538
247
713
669
875
628
460
274
404
658
598
76
584
344
57
751
869
601
294
259
967
656
895
454
321
315
336
184
530
643
162
266
700
987
918
485
429
511
943
102
976
785
651
865
886
884
878
671
503
13
458
279
991
135
759
785
182
593
247
742
511
108
754
138
929
874
169
901
740
30
109
521
518
150
311
736
192
108
937
958
6
483
631
952
725
476
739
42
592
334
412
769
21
980
494
713
828
649
899
778
418
329
454
149
85
499
983
25
8
4
815
376
927
625
416
701
978
905
12
140
979
847
202
285
926
285
152
336
788
502
463
438
704
63
832
137
149
879
959
113
842
768
580
87
531
547
753
326
858
69
858
672
446
767
136
109
105
987
134
243
505
406
508
523
516
896
107
174
841
138
943
696
513
656
671
684
931
911
49
728
89
468
569
701
6
353
833
433
73
785
963
251
690
620
351
917
383
215
514
519
263
324
202
830
708
136
897
758
565
909
126
806
186
442
168
123
750
408
816
56
581
157
262
620
54
99
148
303
559
678
775
182
927
190
50
583
315
792
320
725
389
510
834
466
940
471
797
662
937
379
703
6
933
549
600
470
706
388
632
898
362
185
262
996
556
283
262
453
777
238
383
535
428
471
344
170
387
868
581
807
877
146
521
555
521
197
886
83
737
727
766
690
711
129
378
137
883
951
596
147
429
166
442
620
167
172
893
780
583
447
397
699
144
958
693
595
778
477
152
774
361
970
981
655
662
765
951
51
908
668
966
759
581
668
617
71
666
535
487
92
152
347
445
436
519
192
735
569
876
339
136
90
933
53
633
318
360
608
913
239
368
502
827
919
132
816
448
64
845
346
175
537
965
581
560
592
784
899
325
815
490
746
465
628
635
645
673
723
614
602
917
774
568
553
182
200
789
847
697
493
547
735
214
973
506
307
349
602
85
873
922
199
323
206
30
467
687
339
108
390
938
529
607
798
384
96
233
702
454
804
733
445
242
3
303
481
28
188
829
944
900
431
773
594
155
719
482
81
814
553
580
785
344
210
266
496
780
859
337
807
904
578
847
348
72
169
626
306
277
53
903
245
786
49
87
103
310
337
154
79
255
916
457
639
419
0
897
793
746
916
904
581
522
558
903
983
801
956
94
611
626
643
613
62
89
1
697
905
564
254
547
749
306
527
896
143
235
33
816
499
534
886
874
196
698
307
470
526
796
79
868
172
259
725
498
194
613
44
406
460
454
901
938
643
25
753
721
743
409
729
521
753
743
474
84
755
851
79
230
200
204
573
328
444
186
232
571
349
873
369
110
887
416
199
441
143
510
839
855
294
228
945
876
757
281
432
788
318
23
131
704
373
805
322
600
325
489
870
171
304
115
60
356
523
906
465
831
290
317
607
310
326
810
449
877
137
881
157
732
258
977
599
993
18
541
780
704
865
24
152
682
235
65
633
664
421
265
646
223
338
113
306
415
454
950
225
447
972
114
970
906
277
783
466
135
132
722
541
492
0
441
693
10
478
786
325
412
808
633
889
102
675
415
661
352
700
138
864
360
419
25
753
668
922
734
543
236
883
531
938
168
278
90
982
599
501
224
508
769
197
710
445
466
155
35
951
18
173
974
234
763
391
200
363
225
145
322
185
783
681
574
220
142
627
629
845
463
812
503
557
558
287
411
186
853
890
639
120
655
47
631
18
810
688
991
367
340
289
178
993
776
39
115
640
279
333
849
781
815
347
762
344
858
535
864
117
80
562
544
300
813
603
617
713
314
581
641
640
445
962
32
879
28
51
532
272
978
835
566
538
475
665
159
366
942
899
216
865
882
164
277
126
812
817
24
507
612
609
733
170
312
977
502
735
100
868
131
782
39
33
649
193
943
918
517
19
319
668
706
134
879
712
366
489
290
101
409
239
920
209
453
179
578
183
932
112
907
180
321
867
134
55
50
280
420
274
408
999
492
406
343
105
468
321
381
400
10
971
380
908
896
98
286
769
386
929
233
728
457
105
730
808
67
702
715
80
344
606
221
591
576
882
901
266
909
74
396
707
419
994
974
71
304
905
937
484
226
721
580
771
309
592
812
551
338
793
137
987
498
449
768
127
984
9
285
842
685
32
119
918
213
660
406
834
888
387
163
799
864
400
190
464
78
848
715
121
290
461
175
163
269
224
504
204
826
170
996
578
703
947
480
651
203
42
890
834
688
197
976
335
871
14
351
753
200
877
309
807
279
257
284
432
746
112
240
373
805
109
828
918
231
69
588
628
295
520
579
250
842
918
517
847
193
102
90
256
175
457
142
532
652
3
998
178
945
117
313
682
849
289
963
448
490
672
887
324
821
664
332
673
885
16
777
313
868
75
376
163
701
578
213
868
855
722
298
266
731
778
799
62
221
14
456
685
200
115
343
601
274
99
352
208
878
811
945
185
189
595
520
222
27
191
196
368
391
424
64
537
119
649
116
567
394
127
316
145
372
591
323
71
718
960
480
746
975
183
305
16
325
565
335
829
90
593
637
888
270
507
863
583
791
989
102
684
112
417
307
828
485
748
459
160
295
666
217
588
127
195
114
926
332
62
330
978
326
621
826
703
27
103
882
22
718
274
759
26
468
117
552
302
556
873
629
518
111
301
911
964
403
108
902
112
121
895
756
665
739
105
825
333
161
630
82
354
767
266
518
32
681
337
538
333
566
433
874
480
769
360
331
568
904
54
645
12
840
260
790
305
167
631
562
267
134
191
167
741
289
594
720
379
640
41
257
209
128
912
714
105
438
125
697
47
22
562
544
88
836
461
957
309
426
889
684
458
539
0
482
642
467
76
167
578
928
314
151
237
629
957
921
61
406
712
72
514
526
677
258
132
25
587
579
590
354
955
117
940
258
984
466
889
910
316
650
920
639
306
701
698
204
561
877
623
905
577
514
111
443
54
132
768
578
584
312
60
900
262
898
476
608
368
188
466
680
110
885
867
198
612
782
243
18
576
720
976
63
504
789
632
294
424
244
482
154
207
159
701
795
658
332
597
243
367
750
361
93
76
820
957
717
353
16
130
30
864
464
693
786
554
610
21
801
38
239
695
533
708
920
24
685
162
903
846
392
302
923
522
269
439
868
271
674
521
814
591
973
500
42
55
125
290
779
486
800
835
131
297
665
566
313
992
192
102
655
348
816
440
728
638
909
277
595
85
253
460
244
619
303
466
339
869
612
277
490
270
745
796
594
53
629
626
329
97
133
14
427
150
127
326
145
136
240
72
321
886
866
222
489
697
853
238
3
713
414
78
837
35
612
378
29
787
745
349
341
767
690
878
390
804
128
441
892
298
757
988
971
173
606
191
640
262
94
491
630
343
694
587
243
994
393
583
59
156
287
320
324
514
360
726
568
914
646
64
546
406
982
526
572
649
853
217
553
884
519
898
404
291
668
973
791
364
14
27
962
68
889
280
516
982
158
843
526
404
172
308
897
205
571
163
760
518
464
573
356
144
434
62
275
516
651
558
734
997
875
384
196
557
401
662
653
210
380
876
989
270
291
557
251
221
320
344
378
569
132
412
426
598
852
919
60
129
89
82
665
891
766
179
704
905
852
506
378
623
610
102
928
659
934
116
845
816
874
282
799
3
59
382
727
347
586
938
975
752
470
69
685
884
311
766
912
564
422
494
458
517
239
637
898
65
459
970
422
305
29
530
9
662
731
62
598
202
543
273
609
591
486
10
664
318
44
576
18
405
45
56
738
155
119
915
885
542
894
66
32
34
359
535
431
269
63
318
497
113
186
417
210
655
562
264
649
159
690
685
94
130
160
948
553
367
736
147
440
792
957
895
470
700
384
609
484
358
100
621
733
316
143
198
455
895
314
995
829
479
838
447
466
483
578
148
487
558
665
408
599
725
494
821
793
61
69
89
942
192
925
364
535
784
411
842
257
997
81
521
731
733
553
170
107
196
719
953
362
564
751
921
207
538
451
988
696
544
173
20
637
399
148
239
788
887
267
171
618
545
289
535
543
875
170
861
81
223
923
705
300
355
367
99
470
709
741
439
904
558
137
36
174
200
25
409
188
724
746
514
826
15
678
354
296
209
569
874
32
650
258
835
359
584
493
194
78
512
216
636
522
114
32
504
565
370
192
461
770
13
344
136
780
923
570
96
170
345
949
823
384
566
645
767
880
776
602
943
841
527
568
94
196
440
371
436
543
626
162
810
32
416
674
10
873
844
155
616
800
566
733
289
203
363
411
546
424
601
337
968
14
384
556
751
813
58
344
819
819
619
894
136
985
646
987
568
735
950
978
582
877
11
427
33
615
865
331
116
931
437
138
400
910
938
653
95
159
832
51
815
249
410
398
849
526
723
861
954
736
600
993
486
785
140
165
311
978
941
263
416
377
350
381
82
418
186
529
602
981
233
454
890
8
666
873
885
241
756
262
446
981
501
106
469
363
395
447
897
514
993
238
783
966
701
925
370
832
240
795
212
408
286
469
687
716
683
511
995
63
708
923
847
141
751
969
866
889
255
369
613
236
155
313
515
773
692
879
110
563
592
840
31
218
508
335
515
292
148
594
51
204
231
870
911
354
652
570
660
865
414
853
742
925
493
223
537
218
961
137
513
406
523
959
313
818
527
1
414
429
356
557
580
354
380
877
943
588
697
840
366
757
395
266
940
37
631
636
226
986
406
893
616
254
260
250
158
632
918
237
448
121
38
11
709
84
16
429
621
712
621
362
985
161
63
15
185
31
969
716
627
108
475
351
768
581
147
565
778
330
548
275
561
828
958
517
944
903
493
166
42
996
501
687
832
64
648
915
101
352
373
514
680
780
325
351
341
16
28
672
781
337
845
502
482
636
769
415
796
684
124
164
514
398
679
514
557
218
578
235
894
637
126
143
653
126
61
545
482
838
18
297
182
622
869
100
524
790
251
962
494
406
589
337
764
428
580
241
349
858
296
897
881
473
220
63
558
30
693
71
677
711
344
195
44
300
666
773
267
460
241
794
981
77
588
119
776
471
887
126
440
604
373
341
199
968
449
797
255
163
510
863
276
485
196
663
155
59
369
915
853
281
723
511
101
384
929
412
412
739
709
904
862
710
99
132
937
68
929
392
99
516
0
754
522
179
708
744
455
516
664
470
847
518
34
950
789
899
201
10
796
156
489
773
910
289
641
726
935
358
61
573
289
892
694
716
429
892
725
695
239
622
489
331
495
104
505
621
340
372
937
542
760
692
917
409
625
651
219
488
818
601
746
464
467
546
148
855
800
64
174
695
970
510
714
921
116
956
371
845
505
760
884
497
185
662
485
325
36
435
451
102
166
329
883
221
166
600
62
39
84
78
300
462
138
734
251
572
605
168
654
862
479
562
224
412
31
339
44
417
179
973
692
604
379
33
982
754
922
727
818
396
460
766
410
42
508
982
720
919
142
574
299
882
97
947
459
428
24
701
406
899
379
559
709
127
532
964
711
933
224
344
999
475
810
798
713
693
775
880
248
888
438
118
764
928
656
586
802
302
667
511
432
665
336
363
818
534
355
967
82
811
484
122
485
777
78
697
525
469
51
363
782
247
897
705
488
881
186
64
516
538
366
371
286
685
952
995
199
462
190
870
175
805
793
412
546
671
494
6
358
2
443
464
939
804
672
28
169
459
616
217
105
940
77
882
466
597
847
180
640
221
776
320
671
414
687
555
458
87
473
562
352
302
723
353
651
179
574
260
814
279
854
624
632
993
215
110
234
786
617
696
587
701
705
686
57
436
818
135
287
645
2
298
234
201
891
89
949
626
780
221
984
831
498
940
57
248
456
965
253
584
647
846
827
215
306
517
965
474
13
424
413
997
645
124
422
172
619
854
485
601
119
627
574
163
819
634
696
102
365
354
661
121
518
327
226
176
225
171
358
313
378
38
553
933
795
391
788
857
75
217
746
98
593
447
862
402
881
121
840
611
548
613
669
372
536
82
611
154
126
181
169
246
663
339
53
587
396
673
677
390
977
775
372
729
718
587
546
961
949
960
915
902
782
395
944
401
781
716
203
715
148
449
956
412
542
50
284
976
107
651
573
897
861
758
393
134
861
148
590
922
115
678
79
743
474
958
823
729
843
69
48
755
579
901
452
154
404
544
99
415
790
379
194
715
709
875
218
944
476
181
977
868
749
448
176
434
906
34
108
312
921
2
514
441
653
621
105
2
46
591
316
163
33
46
269
840
80
215
653
950
814
652
204
827
323
726
550
787
737
823
842
282
722
86
193
533
588
153
302
731
747
198
106
198
530
8
75
627
761
818
913
894
315
408
461
837
584
876
120
432
439
483
863
501
788
596
694
105
445
95
461
55
18
67
319
317
351
315
311
900
716
592
873
338
432
890
254
981
882
542
68
371
874
975
885
70
620
886
210
41
654
554
851
123
304
17
750
220
649
492
703
901
737
138
403
949
888
491
975
617
534
198
586
733
387
515
911
631
595
840
258
333
501
749
421
528
2
230
256
85
742
252
410
48
416
444
331
730
115
6
903
80
764
143
338
3
136
593
587
714
374
278
205
350
16
773
662
500
392
315
202
499
640
635
575
34
571
861
538
89
164
334
23
493
878
869
778
496
851
66
256
852
741
968
510
833
221
15
856
562
640
37
813
519
156
854
86
506
871
122
252
410
381
401
458
597
105
439
368
477
752
527
149
655
408
7
662
633
585
116
74
333
433
472
921
253
154
843
798
596
829
811
719
662
553
508
844
73
154
797
399
320
369
506
551
390
167
618
431
53
705
169
465
93
762
792
704
970
690
856
70
265
651
231
110
633
232
535
413
715
66
798
909
320
687
990
877
553
290
919
58
801
167
16
588
901
164
264
365
999
507
680
43
833
470
926
100
627
887
426
473
33
901
329
341
425
224
160
537
353
596
467
849
854
183
324
4
688
717
19
54
821
919
313
839
543
416
722
639
625
513
325
59
620
436
436
358
57
601
176
913
640
30
153
441
166
160
221
363
662
123
135
973
116
759
262
419
275
246
380
399
301
746
229
784
958
439
228
188
707
353
109
463
537
759
707
204
928
736
454
895
998
371
853
682
416
298
733
276
901
843
642
472
190
902
512
416
89
849
848
666
279
415
246
615
834
828
78
56
48
720
90
590
224
942
488
453
508
815
775
398
783
970
76
790
478
379
34
19
564
858
325
136
387
871
238
305
809
539
84
987
106
863
113
712
118
911
377
668
532
936
961
430
703
652
750
593
73
95
261
926
516
956
543
114
373
835
254
693
849
349
508
183
188
522
830
574
11
237
765
190
306
218
978
944
92
292
947
270
236
19
167
787
285
415
179
489
64
77
698
266
54
776
729
425
999
485
803
771
373
523
903
728
166
417
460
953
210
474
615
540
48
863
727
182
941
363
44
174
889
437
901
619
355
583
901
81
742
716
720
108
18
498
259
305
798
693
487
379
859
491
43
201
70
292
392
255
93
924
577
245
647
767
926
182
55
38
925
996
727
109
852
572
318
843
448
200
417
598
677
332
938
979
294
430
785
31
690
835
222
834
490
740
520
614
907
683
522
105
234
598
616
975
274
800
824
183
709
821
898
833
771
610
759
13
312
912
533
220
679
884
943
523
605
617
750
268
535
750
45
258
955
619
849
229
306
503
220
700
951
711
584
490
977
864
521
253
946
424
763
121
610
409
894
85
737
117
533
951
307
542
147
65
827
60
234
347
438
724
672
202
329
261
488
360
88
117
950
540
825
840
637
203
201
328
584
816
185
963
289
783
345
339
56
583
280
596
678
389
53
86
103
703
790
29
127
423
602
242
176
890
987
824
609
661
160
400
595
883
349
192
739
629
766
400
7
350
297
881
526
345
326
582
829
57
720
78
490
668
66
39
446
222
590
903
690
438
210
575
231
663
713
288
262
63
730
601
713
557
158
691
92
694
841
260
216
982
128
260
525
936
355
479
701
227
913
195
404
268
83
591
110
94
841
409
551
140
982
320
60
644
338
415
189
649
408
712
457
791
537
61
471
530
924
923
581
885
79
876
150
7
340
205
229
46
611
601
66
487
433
883
409
217
3
138
275
964
452
595
642
493
823
248
588
361
321
321
744
954
628
88
606
949
180
276
319
194
964
346
774
158
757
732
770
413
230
950
251
37
775
753
114
283
486
607
533
458
653
787
927
687
823
640
600
193
949
1
62
191
522
551
606
513
478
20
344
17
48
425
953
231
461
848
398
403
640
528
5
24
510
803
940
306
788
133
867
34
660
208
338
157
184
254
561
264
475
591
182
666
13
839
663
147
930
397
502
674
769
590
254
903
714
579
413
822
976
687
732
31
435
524
754
614
367
50
559
195
508
923
272
779
258
54
592
541
43
466
546
38
162
350
713
580
191
909
94
561
51
416
269
303
291
381
750
783
159
322
91
498
27
235
637
91
5
482
756
937
946
705
47
974
14
713
480
18
803
306
261
407
916
515
705
612
784
237
722
820
367
532
372
455
281
140
438
413
553
720
523
558
505
270
123
652
965
316
618
594
806
27
849
211
558
969
805
627
476
830
376
392
271
241
938
285
325
717
545
619
7
545
943
769
845
866
839
405
81
636
598
391
536
687
334
466
124
876
92
519
159
350
29
640
512
656
450
859
473
73
419
78
633
945
28
710
179
149
450
436
428
960
323
424
657
546
182
308
601
124
874
163
713
559
136
967
29
732
507
368
213
798
733
730
997
168
963
926
114
38
925
342
256
394
531
29
152
104
878
133
813
219
262
443
348
369
934
949
753
626
636
373
156
599
354
266
290
188
204
32
691
865
462
132
737
525
816
490
258
576
652
108
859
236
720
507
82
216
143
624
450
551
825
480
425
861
768
251
159
316
772
978
145
311
682
729
282
780
855
392
117
392
187
625
390
498
611
27
827
759
453
210
417
817
732
117
308
419
844
776
457
356
266
726
234
446
896
346
275
363
287
596
903
790
577
572
420
77
79
544
99
424
884
534
219
521
504
912
414
508
423
799
618
612
63
580
330
354
600
507
333
685
890
234
153
434
462
845
74
447
336
369
120
387
493
917
126
382
724
147
676
672
654
712
751
590
84
408
581
634
207
664
580
738
368
81
178
474
912
252
317
90
545
889
529
196
697
224
638
661
145
658
39
421
474
342
154
468
589
810
667
950
664
731
729
7
482
463
352
963
381
731
959
707
257
803
687
864
847
935
306
884
109
447
496
479
52
671
626
531
875
461
701
813
691
737
342
124
654
729
39
744
169
937
983
179
981
290
564
740
798
727
446
511
650
504
535
512
193
563
280
515
333
432
760
522
229
826
716
14
384
658
461
394
320
925
740
401
667
447
171
562
717
339
812
340
85
857
550
544
849
247
332
256
519
727
404
250
698
217
172
365
833
905
209
843
446
528
883
602
484
940
305
298
443
946
456
72
506
944
720
824
689
782
916
118
675
133
368
784
737
668
927
502
231
239
771
920
533
748
4
141
560
277
373
146
792
449
687
507
49
319
332
654
593
770
181
592
109
388
208
654
938
48
91
79
943
817
270
156
844
26
362
653
483
826
933
666
995
188
324
682
947
36
705
935
711
245
420
404
274
167
157
919
230
159
150
987
105
798
863
762
405
884
73
216
750
705
612
374
835
571
992
728
299
972
842
460
972
522
73
766
184
545
676
998
120
846
445
307
765
749
724
255
538
927
11
330
351
515
40
494
772
742
370
413
43
799
450
749
731
961
871
147
692
171
782
541
400
617
395
994
561
829
722
531
654
467
754
655
730
328
537
216
183
540
920
986
17
480
39
146
160
513
847
103
342
366
305
37
894
159
676
838
495
619
607
612
842
852
96
584
235
852
619
980
157
733
355
45
807
798
444
163
941
56
419
772
164
654
208
909
969
782
816
270
552
652
521
541
459
544
330
292
219
485
439
606
389
352
73
92
149
84
828
821
476
794
765
147
926
104
197
559
195
9
897
277
19
56
589
246
576
457
47
28
62
765
581
480
172
550
90
435
970
62
885
151
344
826
997
577
77
689
178
992
447
947
97
173
825
717
284
117
413
716
87
430
590
221
82
62
625
420
192
648
162
447
0
39
997
976
760
992
875
282
552
584
663
756
633
561
146
337
77
490
350
870
302
679
290
728
444
529
240
408
454
733
663
512
293
143
340
175
470
543
693
522
365
380
174
741
321
842
442
159
183
248
284
39
361
565
618
577
966
990
309
659
767
839
364
193
285
718
736
948
765
795
340
668
954
989
685
327
767
593
444
478
320
343
754
239
949
737
551
926
152
205
652
119
689
822
588
167
718
872
85
607
47
825
509
156
842
733
461
780
897
898
521
870
306
557
686
591
61
25
230
442
850
392
933
646
493
762
288
948
393
117
914
911
188
893
498
775
154
878
829
296
903
673
356
168
987
739
392
774
759
987
889
205
996
879
360
456
98
471
193
153
473
336
511
859
809
405
946
450
541
445
335
921
29
622
30
386
777
82
693
891
513
899
434
358
323
979
572
40
972
14
206
876
559
226
538
600
603
942
310
559
767
357
397
554
680
782
632
778
648
511
277
162
470
148
924
304
815
855
435
401
540
419
25
560
625
1
60
529
479
771
16
713
106
495
596
664
258
614
284
515
963
995
429
823
25
499
198
271
561
218
781
359
979
902
586
475
832
47
789
32
186
895
704
990
501
253
499
524
713
849
553
783
339
121
950
35
329
494
792
606
842
316
168
839
223
419
673
815
422
626
992
341
763
538
730
813
64
590
986
220
696
107
552
53
433
415
706
381
871
1
87
318
852
271
892
170
566
805
918
736
850
698
341
434
161
707
850
185
600
557
778
722
832
542
313
48
594
357
919
640
825
250
510
448
668
125
687
807
148
646
475
72
952
212
21
755
791
904
377
542
490
887
606
781
878
950
413
548
453
195
603
59
28
316
121
539
336
242
808
260
483
445
402
640
721
42
432
415
324
463
925
350
901
79
688
125
910
618
999
987
275
175
705
996
199
848
325
862
48
163
833
962
999
599
355
275
409
355
744
918
785
934
50
232
411
929
440
876
734
5
161
276
870
110
93
602
629
306
635
501
256
241
193
8
92
1
43
295
213
54
564
713
427
825
201
955
630
625
696
808
85
222
488
22
231
674
854
988
482
145
199
673
643
85
76
304
204
820
91
179
585
875
670
415
703
374
99
122
463
884
285
404
100
738
675
666
415
219
130
816
167
947
92
489
508
630
365
743
756
713
392
146
442
25
988
148
719
545
452
963
613
433
24
111
600
191
171
670
684
780
216
697
91
828
565
785
473
993
214
408
818
78
225
776
497
614
663
36
65
344
937
989
749
360
940
88
959
174
813
647
150
43
411
659
801
38
428
19
689
20
283
39
720
308
610
245
762
544
387
59
594
842
634
490
913
886
151
589
622
604
279
520
697
894
480
360
281
844
294
893
565
994
412
973
864
702
856
941
26
512
703
959
903
504
57
662
602
736
499
190
623
57
539
273
984
130
977
565
403
393
735
110
670
123
989
92
630
466
147
480
669
684
695
208
598
281
451
488
658
410
656
965
473
721
749
250
384
343
49
166
209
715
404
379
85
517
921
651
346
621
653
271
939
101
596
722
932
115
330
384
522
753
803
601
347
198
380
585
130
151
159
810
594
341
592
383
762
769
669
325
322
881
850
212
662
867
762
611
799
823
184
993
659
119
702
70
11
368
396
396
432
576
625
73
389
907
217
518
227
815
768
947
783
461
408
148
651
50
342
336
300
348
125
799
471
493
894
268
496
929
365
674
356
390
375
461
596
33
872
195
508
641
858
17
847
917
849
583
545
371
702
686
806
951
306
83
260
708
95
655
523
582
447
151
108
505
889
853
892
78
358
113
569
303
798
602
54
483
943
811
733
208
789
692
833
253
269
202
390
925
470
625
845
335
213
987
67
36
556
542
99
809
317
496
165
419
535
117
729
306
344
802
839
408
501
252
714
377
798
627
912
330
1
685
492
204
800
361
970
735
782
368
537
583
119
950
301
224
536
72
866
94
371
252
571
41
854
894
77
302
62
977
46
715
184
541
162
619
223
822
207
283
791
724
793
135
484
761
823
991
89
274
307
611
172
501
382
457
30
650
155
747
536
48
425
875
402
947
184
665
52
285
591
299
770
603
165
512
654
848
965
524
375
840
727
255
404
227
876
351
725
417
140
668
620
484
862
670
620
752
652
360
386
416
481
109
610
844
31
529
696
699
112
513
487
435
291
886
577
903
701
114
108
146
254
656
651
669
251
1
362
900
184
524
151
132
298
999
288
356
201
365
737
441
911
150
685
619
682
131
868
962
727
88
12
356
664
575
136
799
747
541
836
381
897
93
550
511
717
228
489
163
874
180
982
941
310
936
730
476
439
482
578
548
898
928
421
773
835
132
201
805
713
762
217
144
450
504
203
561
938
673
695
833
657
96
119
782
302
304
347
751
786
61
689
872
516
569
46
163
451
35
95
577
287
250
271
887
367
508
23
219
193
497
826
944
558
877
797
605
975
412
138
139
734
112
331
281
685
284
113
605
529
288
166
446
407
331
345
817
328
285
657
70
921
143
827
466
924
96
77
728
0
696
619
310
335
558
328
153
941
97
161
575
871
564
367
733
71
684
271
245
567
299
760
86
661
416
108
744
992
686
768
650
548
516
565
588
856
305
815
367
453
898
376
47
17
273
760
554
253
580
950
309
781
309
915
388
527
632
403
761
437
615
701
448
604
850
238
267
421
81
405
355
215
672
908
925
762
226
623
269
239
880
221
548
462
294
18
286
877
885
599
441
868
976
67
212
729
544
759
565
404
447
336
570
591
550
875
854
667
840
595
573
289
820
511
788
185
800
192
745
959
964
776
0
387
184
301
767
276
2
597
494
911
136
80
504
904
23
345
204
15
821
970
228
157
379
969
737
809
21
954
320
320
713
318
66
34
544
900
60
561
117
413
893
69
43
181
325
570
813
794
83
826
66
441
76
423
439
820
113
938
117
709
553
706
937
544
209
174
693
681
217
999
145
472
952
971
921
529
169
604
508
907
350
543
259
905
401
295
733
693
115
411
652
847
19
557
900
593
943
423
642
95
285
118
175
402
756
391
855
285
298
932
939
580
132
963
532
960
242
665
599
410
875
557
318
483
821
654
128
809
358
178
956
954
552
793
134
574
308
828
636
193
950
720
530
550
109
242
273
28
887
746
752
965
902
456
68
696
940
351
747
502
471
505
595
168
391
662
80
626
388
825
878
21
914
17
19
544
632
45
742
453
759
605
195
975
847
497
331
116
294
26
540
644
206
654
978
205
304
560
30
583
354
984
514
866
464
951
107
623
224
832
367
753
623
82
973
158
829
85
92
249
395
835
907
95
294
50
322
505
247
102
856
851
906
738
478
835
949
393
65
202
652
36
134
38
945
787
243
639
899
132
6
545
974
457
15
910
2
985
602
727
414
488
127
8
470
837
60
770
511
51
684
539
715
648
779
402
507
747
646
943
181
857
762
386
443
701
553
756
761
470
25
370
351
870
158
752
121
143
97
448
497
731
802
782
273
771
393
56
724
601
223
53
674
923
35
461
107
162
958
967
884
848
38
884
368
342
848
836
271
763
554
140
815
688
67
491
81
161
388
785
666
169
956
931
691
324
931
495
55
457
669
404
284
464
223
415
528
298
561
226
469
492
347
652
896
883
971
476
136
721
935
569
612
57
643
638
336
60
542
190
92
945
559
829
689
483
635
258
335
87
723
934
744
28
466
68
686
811
445
927
940
36
638
65
398
210
122
351
154
499
552
723
836
339
498
266
871
706
206
725
974
510
161
217
958
571
208
290
33
254
841
519
758
630
320
259
181
569
287
8
328
386
704
327
750
743
422
446
956
653
288
265
577
981
234
86
917
559
409
53
424
255
839
586
190
55
870
307
507
138
596
484
775
521
857
846
298
625
316
607
956
119
423
217
702
500
613
797
963
5
803
90
782
395
445
231
507
210
869
179
113
824
38
386
338
751
869
623
354
545
918
72
417
771
720
293
923
987
150
951
887
59
643
78
734
670
3
805
357
947
126
339
126
649
380
852
329
134
486
883
529
785
80
487
725
167
416
72
985
102
873
968
705
440
757
933
861
822
60
910
81
975
550
506
69
472
640
513
585
170
689
33
841
403
458
802
40
347
909
487
348
642
692
394
462
382
170
720
970
404
213
134
937
990
440
151
33
795
726
8
435
568
109
424
437
939
273
803
598
449
354
219
257
349
891
860
236
231
451
105
130
467
244
938
711
719
791
783
519
448
276
216
601
314
807
810
177
871
612
5
937
501
842
440
435
478
437
540
277
820
304
769
398
686
701
220
698
798
799
412
46
420
558
526
382
516
185
491
865
554
81
746
664
591
173
167
214
176
938
589
872
156
8
380
442
99
569
546
257
785
305
706
753
808
417
107
61
913
219
920
456
285
903
873
680
604
303
427
869
489
956
958
399
518
649
828
840
751
439
799
702
994
893
284
20
808
736
360
783
340
684
728
835
277
497
260
454
480
357
760
172
418
896
323
440
23
82
211
731
565
538
347
681
216
551
58
961
256
887
93
80
548
11
21
33
937
934
75
446
702
55
322
314
519
204
303
881
922
213
363
448
763
154
123
421
804
923
818
420
775
886
809
936
651
616
685
810
980
637
422
363
597
964
127
367
26
41
564
335
204
261
893
915
575
257
538
170
545
933
775
477
941
434
1
482
242
706
60
49
173
136
413
295
731
177
149
420
903
949
476
31
764
335
889
136
896
58
186
629
346
474
273
132
249
633
251
81
337
455
560
407
741
659
645
10
58
456
788
649
564
248
523
601
852
981
755
747
149
662
945
971
868
135
333
836
262
913
590
101
954
11
342
292
647
856
997
700
559
172
518
289
63
712
435
791
378
141
498
769
346
424
323
252
513
752
740
688
699
451
326
26
615
7
766
739
601
721
578
995
758
356
602
701
573
162
902
612
955
613
286
767
435
816
236
267
19
515
560
725
527
271
772
155
162
453
831
455
218
520
174
680
222
724
868
703
913
432
921
85
146
870
111
313
190
834
378
586
398
93
587
304
555
20
629
681
280
706
297
845
575
220
493
789
891
866
214
967
895
247
334
363
86
82
411
103
885
401
941
418
37
800
370
99
418
336
792
502
664
126
361
694
582
116
811
712
710
119
538
25
273
382
745
463
96
782
499
534
330
246
893
546
980
517
709
347
140
522
309
571
582
58
342
238
241
570
252
678
836
705
693
654
604
359
136
23
426
624
494
732
709
698
565
388
224
482
189
652
491
901
171
493
260
211
567
250
827
909
175
755
801
963
40
667
517
288
64
604
709
586
379
551
152
184
487
262
336
886
474
109
866
650
405
454
617
334
94
836
854
476
240
929
910
409
867
13
456
853
200
644
229
498
300
492
394
171
948
979
708
961
708
876
466
711
411
740
310
619
133
54
235
716
956
369
263
531
707
669
809
766
351
836
127
196
6
410
553
123
399
920
222
186
249
803
56
810
220
161
623
952
676
686
808
854
185
996
431
451
940
458
347
30
962
194
948
513
688
677
780
118
599
833
660
928
330
667
443
382
89
79
497
559
227
905
577
32
161
617
539
969
467
585
601
80
843
562
788
690
860
496
409
707
276
207
834
721
370
815
302
166
429
956
60
791
658
335
564
250
973
986
794
335
908
858
151
665
104
180
194
54
536
663
813
533
75
667
391
565
246
585
421
674
120
129
880
73
533
597
361
125
525
524
110
198
635
29
660
13
939
760
695
933
42
106
683
651
192
370
348
377
566
888
358
779
481
184
395
7
649
39
296
264
770
187
183
917
990
941
676
400
499
279
637
661
935
968
639
55
672
394
867
714
734
440
289
879
503
495
505
579
927
411
126
251
982
752
614
589
680
828
231
739
936
432
820
815
198
360
238
750
835
963
476
665
435
208
525
375
696
313
480
974
129
542
223
287
441
33
731
55
623
57
164
865
431
855
379
57
753
676
342
524
985
940
220
990
127
709
374
61
885
688
868
927
305
237
171
169
548
682
256
318
231
584
822
749
683
950
682
422
327
747
900
307
582
514
218
255
196
48
909
950
763
765
718
56
265
210
694
693
776
192
24
40
293
234
913
273
559
33
316
831
637
248
468
13
215
532
377
120
489
378
465
879
389
576
841
607
750
764
744
730
712
353
151
125
681
395
513
146
170
263
25
71
807
698
306
540
432
337
109
26
509
459
790
370
788
752
853
567
972
100
374
783
704
266
57
298
479
28
917
709
483
3
416
730
199
611
190
234
44
899
724
564
226
118
276
144
327
823
669
141
599
636
820
15
258
614
597
731
629
102
255
510
591
154
27
567
592
705
699
566
187
522
911
297
14
471
465
730
28
73
211
273
560
556
849
528
588
502
74
41
70
726
895
876
236
395
579
804
829
714
852
156
650
462
113
972
922
338
818
746
84
935
680
670
903
7
150
531
316
201
170
411
163
828
482
154
298
334
970
15
270
529
486
525
286
241
521
794
936
698
448
75
91
938
867
837
846
894
679
312
427
713
70
150
913
536
535
485
243
865
60
827
320
615
511
577
484
904
125
574
973
664
247
96
224
591
647
51
584
761
861
526
657
956
428
274
82
34
945
788
921
681
216
133
459
870
971
531
402
374
689
665
380
206
891
568
279
277
3
380
226
773
887
633
733
675
425
76
177
478
702
147
0
558
618
590
217
1
292
985
955
236
243
483
170
255
587
903
398
196
16
562
682
512
705
213
570
691
741
116
495
688
904
830
721
317
628
494
47
162
863
637
230
77
918
318
972
395
653
134
705
928
610
381
92
990
328
638
378
414
573
165
841
813
507
405
300
994
997
998
834
501
938
441
487
748
500
785
377
558
507
153
901
807
359
13
389
77
688
165
299
831
713
74
273
259
534
435
38
950
623
487
846
454
998
566
332
898
986
302
531
247
661
299
789
909
249
633
570
65
571
735
80
870
508
259
923
921
68
675
580
183
812
49
753
281
855
307
327
954
103
239
879
111
236
515
451
726
892
17
762
951
682
290
966
192
436
384
722
188
203
278
326
877
920
6
434
759
230
543
863
957
424
781
730
605
779
445
127
946
885
984
816
863
982
797
853
695
551
263
338
618
742
491
379
458
168
561
961
598
920
954
271
517
239
352
15
659
765
23
667
805
512
347
214
12
603
487
325
883
907
22
133
675
367
410
380
779
669
617
112
455
394
640
102
389
349
156
630
93
591
26
504
981
854
494
499
436
727
342
593
654
841
424
723
224
363
315
910
837
19
770
912
950
398
352
169
616
575
971
548
285
626
356
991
170
663
123
870
379
843
796
103
42
90
456
574
48
261
250
892
482
310
276
727
353
968
440
379
10
631
325
315
781
50
399
800
343
587
84
179
197
213
182
170
934
876
376
484
804
199
360
977
106
558
361
968
799
558
787
469
455
68
605
998
244
43
915
716
39
434
803
54
46
493
358
214
433
169
106
901
184
350
994
392
837
980
928
943
31
447
513
244
673
58
204
911
583
975
471
603
175
411
8
607
576
542
851
824
579
37
756
1
931
684
329
645
993
422
978
416
77
121
118
842
227
835
885
855
920
563
744
473
411
165
571
830
581
484
106
208
524
790
870
905
911
340
963
227
692
918
970
106
788
510
421
771
897
235
939
336
661
837
738
575
830
86
371
35
377
327
991
20
16
569
26
686
557
490
764
170
65
668
25
975
104
209
635
707
493
791
935
342
332
755
693
929
604
817
811
287
825
565
734
715
26
416
486
334
749
300
631
607
289
775
669
497
244
909
681
982
418
34
344
588
171
253
290
399
649
802
529
974
982
474
876
144
796
939
615
540
727
705
300
313
425
653
305
744
576
43
336
704
620
777
872
179
451
357
754
156
951
727
929
358
500
913
363
377
728
496
166
733
364
91
394
145
511
658
726
217
876
247
204
877
600
372
786
537
798
602
19
40
921
845
43
78
273
47
349
666
343
17
476
281
192
184
303
350
552
84
132
330
688
424
798
654
385
78
332
14
686
128
79
42
17
926
479
539
54
522
519
88
589
692
688
766
128
935
534
957
256
912
495
390
617
285
565
173
52
25
290
421
944
439
109
527
509
359
251
310
60
510
123
192
69
697
759
520
116
218
221
629
157
261
149
373
342
431
94
411
513
27
104
290
343
726
583
842
296
649
754
140
79
275
177
784
238
360
23
554
54
853
651
924
757
481
316
817
135
132
856
694
635
228
605
464
839
451
951
594
827
212
58
859
181
545
739
244
582
393
139
733
109
498
821
707
299
241
845
542
2
33
370
954
476
307
813
259
689
621
816
480
626
911
15
544
156
869
864
473
14
488
278
427
429
285
230
550
32
399
515
625
116
297
625
329
194
107
919
493
9
28
874
861
656
901
186
700
849
401
903
280
191
813
306
440
228
800
833
711
763
640
865
187
126
998
849
827
857
824
151
212
173
13
52
157
153
988
101
449
402
47
293
38
721
498
526
334
703
764
985
666
151
279
953
881
74
47
754
539
43
207
514
89
537
901
912
222
368
594
355
527
215
377
317
765
900
826
573
665
613
77
226
462
285
23
374
295
276
954
738
440
42
860
247
311
612
513
512
468
9
433
622
232
647
740
9
538
413
868
417
778
33
769
647
850
69
832
717
197
963
643
146
599
567
882
382
67
857
575
968
23
773
854
552
743
920
753
475
356
302
971
719
564
865
410
344
852
510
682
185
651
273
545
82
735
595
445
296
906
290
994
593
969
940
335
55
610
620
335
756
366
203
629
79
953
962
978
302
526
438
787
719
276
216
582
600
647
387
518
170
272
569
415
559
398
157
939
741
746
687
69
942
312
284
733
140
183
752
614
944
963
873
216
24
16
836
747
386
166
65
973
79
492
869
370
367
953
950
987
534
341
304
978
653
13
79
505
92
288
389
909
514
388
35
118
229
107
91
292
917
793
684
774
935
738
23
655
855
914
163
644
547
151
371
619
721
676
318
337
492
171
182
903
283
914
773
915
864
451
393
109
48
541
408
871
391
132
17
792
988
717
787
372
542
627
542
786
936
194
976
924
190
609
532
592
930
111
745
368
227
674
827
981
726
130
656
557
353
792
39
124
951
582
660
488
616
899
509
903
460
896
30
114
838
639
585
60
608
732
676
915
637
834
406
645
458
138
930
778
215
522
552
902
257
585
841
78
717
915
784
806
721
310
393
368
927
718
994
158
238
662
581
768
653
723
436
115
277
521
43
916
919
800
330
475
226
798
869
296
373
853
337
27
693
136
105
296
847
184
21
252
792
43
654
277
694
681
590
823
935
867
333
182
279
711
588
441
456
85
17
22
272
453
87
419
328
81
544
1
187
36
804
871
921
659
171
827
714
730
195
364
311
331
314
34
919
512
297
893
867
403
742
395
709
539
788
411
146
75
773
211
620
378
626
110
632
681
199
874
154
13
730
629
746
604
997
357
204
733
915
830
822
48
649
435
439
535
550
792
860
657
678
27
27
814
799
720
930
211
465
